182.3398
5.7562
5.2703
7.6960
7.4276
7.0256
6.7492
5.5464
7.7641
7.4182
6.6227
4.6264
8.0907
7.3913
7.4091
6.8520
6.4902
7.3912
6.0090
7.2914
7.3791
5.5434
7.6881
7.3514
6.8343
4.8652
7.5827
7.0070
5.3986
7.6748
7.3719
6.9382
7.0222
6.2176
7.0270
7.3379
5.5918
7.3326
7.3862
7.0133
6.7441
5.5560
7.6738
7.3651
4.6699
8.4281
7.0776
5.5014
7.6870
7.3577
6.8674
4.7796
7.8748
7.0485
5.4522
6.0042
8.9996
7.3347
5.4691
7.6839
7.3375
6.5098
4.5848
8.0745
7.4162
7.0659
6.5177
7.3243
5.8779
7.3399
7.3418
6.7091
4.7403
7.0309
6.7428
5.6553
7.3705
7.3683
6.9554
4.8404
7.8628
7.0965
5.5616
7.3506
5.7478
7.3326
7.3363
6.8633
7.0197
5.4996
7.6903
7.3528
6.9663
7.1036
5.5855
7.6894
7.3707
7.0866
6.7596
5.6254
